   4.9999999254941949        2.1309938703264510E-002   9.5389799177039880E-002   3275.3120097299907     
   3.9999999403953561        7.5875253731863837E-002  0.55474880438578877        4072.4191669719025     
   3.3333332836627969       0.18958584943498882        4.4108701126693894        4738.5340480368750     
   2.8571428145681117       0.43940396466936382        13.361245157896839        4627.2259481589026     
   2.4999999627470975       0.69947548479352673        8.8836575563224365        3347.1466948748321     
   2.2222221891085310       0.83937137887137270        4.2541396509496963        2178.3357313907345     
   1.9999999701976781       0.91808041643415172       0.97153496032411280        1287.1954538618011     
   1.8181817910887983       0.95656471208844862       0.22617551782834125        765.80739595348632     
   1.6666666418313985       0.97641071210588726       0.20852462235399313        458.31410790823958     
   1.5384615155366754       0.98381539742606028       0.10492735774854699        341.92952152547412     
   1.4285714072840558       0.98989964991978230       0.13726325482996093        230.50778004242949     
   1.3333333134651186       0.99434337681361606       0.12551993970831726        138.62398961662521     
   1.2499999813735487       0.99584697134835376        4.4725781969004300E-002   108.64308754610857     
   1.1764705707045164       0.99720173296247205        5.0394177746235419E-002   77.830525434800080     
   1.1111110945542655       0.99834373081752226        3.6114423475844343E-002   48.804915904567430     
   1.0526315632619359       0.99890082441057471        1.9984366705582682E-002   34.198091749515356     
  0.99999998509883903       0.99935484183175216        1.3320912858489157E-002   21.133723675108669     
  0.95238093818937053       0.99947346322195874        1.9393438660594422E-002   18.111465837877450     
  0.90909089554439915       0.99976044965471533        1.1229692696919811E-002   8.6335102103336148     
  0.86956520443377305       0.99975382385253908        9.3331004510282846E-003   9.2755632864679018     
  0.83333332091569923       0.99984758780343186        4.7199360663424715E-003   5.9926348077563736     
  0.79999998807907124       0.99993835056849889        2.6666022562305634E-003   2.5250829145497464     
  0.76923075776833771       0.99992786080496654        2.6334373494796390E-003   3.0729034891136053     
  0.74074072970284377       0.99991650782993857        5.4347957920321136E-003   3.6932722975130421     
  0.71428570364202792       0.99995434483119416        2.4678430568622202E-003   2.0943922202045737     
  0.68965516213713041        1.0000000000000000        0.0000000000000000        0.0000000000000000     
  0.66666665673255932       0.99999224722725999        6.2118554738390915E-004  0.38106281424309879     
  0.64516128070892842       0.99997413199288498        1.5672987978880390E-003   1.3138294548563694     
  0.62499999068677436       0.99999263436453678        5.6698465546919832E-004  0.38617001212897722     
  0.60606059702959936       0.99999870038713723        1.1201691441835479E-004   7.0266383961774787E-002
  0.58823528535225822        1.0000000000000000        0.0000000000000000        0.0000000000000000     
  0.57142856291362232        1.0000000000000000        0.0000000000000000        0.0000000000000000     
  0.55555554727713274        1.0000000000000000        0.0000000000000000        0.0000000000000000     
  0.54054053248585898       0.99999661254882810        3.6069859792348450E-004  0.20534965525498475     
  0.52631578163096793        1.0000000000000000        0.0000000000000000        0.0000000000000000     
  0.51282050517889177        1.0000000000000000        0.0000000000000000        0.0000000000000000     
  0.49999999254941951        1.0000000000000000        0.0000000000000000        0.0000000000000000     
  0.48780487077992146        1.0000000000000000        0.0000000000000000        0.0000000000000000     
  0.47619046909468526        1.0000000000000000        0.0000000000000000        0.0000000000000000     
  0.46511627213899492        1.0000000000000000        0.0000000000000000        0.0000000000000000     
  0.45454544777219957        1.0000000000000000        0.0000000000000000        0.0000000000000000     
  0.44444443782170623        1.0000000000000000        0.0000000000000000        0.0000000000000000     
  0.43478260221688653        1.0000000000000000        0.0000000000000000        0.0000000000000000     
  0.42553190855269746        1.0000000000000000        0.0000000000000000        0.0000000000000000     
  0.41666666045784961        1.0000000000000000        0.0000000000000000        0.0000000000000000     
  0.40816325922401592        1.0000000000000000        0.0000000000000000        0.0000000000000000     
  0.39999999403953562        1.0000000000000000        0.0000000000000000        0.0000000000000000     
  0.39215685690150548        1.0000000000000000        0.0000000000000000        0.0000000000000000     
  0.38461537888416886        1.0000000000000000        0.0000000000000000        0.0000000000000000     
  0.37735848494295815        1.0000000000000000        0.0000000000000000        0.0000000000000000     
  0.37037036485142188        1.0000000000000000        0.0000000000000000        0.0000000000000000     
  0.36363635821775964        1.0000000000000000        0.0000000000000000        0.0000000000000000     
  0.35714285182101396        1.0000000000000000        0.0000000000000000        0.0000000000000000     
  0.35087718775397858        1.0000000000000000        0.0000000000000000        0.0000000000000000     
  0.34482758106856520        1.0000000000000000        0.0000000000000000        0.0000000000000000     
  0.33898304579621663        1.0000000000000000        0.0000000000000000        0.0000000000000000     
  0.33333332836627966        1.0000000000000000        0.0000000000000000        0.0000000000000000     
  0.32786884757338985        1.0000000000000000        0.0000000000000000        0.0000000000000000     
  0.32258064035446421        1.0000000000000000        0.0000000000000000        0.0000000000000000     
  0.31746031272979019        1.0000000000000000        0.0000000000000000        0.0000000000000000     
  0.31249999534338718        1.0000000000000000        0.0000000000000000        0.0000000000000000     
  0.30769230310733509        1.0000000000000000        0.0000000000000000        0.0000000000000000     
  0.30303029851479968        1.0000000000000000        0.0000000000000000        0.0000000000000000     
  0.29850745823845942        1.0000000000000000        0.0000000000000000        0.0000000000000000     
  0.29411764267612911        1.0000000000000000        0.0000000000000000        0.0000000000000000     
  0.28985506814459100        1.0000000000000000        0.0000000000000000        0.0000000000000000     
  0.28571428145681116        1.0000000000000000        0.0000000000000000        0.0000000000000000     
  0.28169013664756026        1.0000000000000000        0.0000000000000000        0.0000000000000000     
  0.27777777363856637        1.0000000000000000        0.0000000000000000        0.0000000000000000     
  0.27397259865721618        1.0000000000000000        0.0000000000000000        0.0000000000000000     
  0.27027026624292949        1.0000000000000000        0.0000000000000000        0.0000000000000000     
  0.26666666269302375        1.0000000000000000        0.0000000000000000        0.0000000000000000     
  0.26315789081548396        1.0000000000000000        0.0000000000000000        0.0000000000000000     
  0.25974025586982830        1.0000000000000000        0.0000000000000000        0.0000000000000000     
  0.25641025258944589        1.0000000000000000        0.0000000000000000        0.0000000000000000     
  0.25316455318957948        1.0000000000000000        0.0000000000000000        0.0000000000000000     
  0.24999999627470976        1.0000000000000000        0.0000000000000000        0.0000000000000000     
  0.24691357656761456        1.0000000000000000        0.0000000000000000        0.0000000000000000     
  0.24390243538996073        1.0000000000000000        0.0000000000000000        0.0000000000000000     
  0.24096385183104554        1.0000000000000000        0.0000000000000000        0.0000000000000000     
  0.23809523454734263        1.0000000000000000        0.0000000000000000        0.0000000000000000     
  0.23529411414090329        1.0000000000000000        0.0000000000000000        0.0000000000000000     
  0.23255813606949746        1.0000000000000000        0.0000000000000000        0.0000000000000000     
  0.22988505404571011        1.0000000000000000        0.0000000000000000        0.0000000000000000     
  0.22727272388609979        1.0000000000000000        0.0000000000000000        0.0000000000000000     
  0.22471909777502000        1.0000000000000000        0.0000000000000000        0.0000000000000000     
  0.22222221891085311        1.0000000000000000        0.0000000000000000        0.0000000000000000     
  0.21978021650523935        1.0000000000000000        0.0000000000000000        0.0000000000000000     
  0.21739130110844326        1.0000000000000000        0.0000000000000000        0.0000000000000000     
  0.21505376023630945        1.0000000000000000        0.0000000000000000        0.0000000000000000     
  0.21276595427634873        1.0000000000000000        0.0000000000000000        0.0000000000000000     
  0.21052631265238717        1.0000000000000000        0.0000000000000000        0.0000000000000000     
  0.20833333022892481        1.0000000000000000        0.0000000000000000        0.0000000000000000     
  0.20618556393790496        1.0000000000000000        0.0000000000000000        0.0000000000000000     
  0.20408162961200796        1.0000000000000000        0.0000000000000000        0.0000000000000000     
  0.20202019900986648        1.0000000000000000        0.0000000000000000        0.0000000000000000     
